갈매유	1310|1311|1312|1313|1314|1217
남양주다산유	1610|1611|1612|1613|1614|										
남양주도담유	1016|1610|1611|1612|1613|1614|									
인창유	171010|171011|171110|171111|171210|171211|171212|171310|171311|171312|1714|				
가곡초	161010|161011|161110|161111|161210|161211|161212|161310|161311|161312|131013					
가양초	1810|1811|1812|1813|1814|1513|1511|1513|1511|	
교문초	231010|231011|231012|231110|231111|231210|231211|231212|231310|231311|231312|2314|2315|1414	
구룡초	231010|231011|231110|231111|231210|231211|231212|231311|231311|231310|231312|2314|2315|2316|1512
구리초	271110|271111|271210|271211|271310|271311|271410|271411|271413|2715|261312|261312
구지초	2118|2117|1018|301110|301111|301210|301211|301212|301310|301311|3014|3015|3016|2314		
금교초	2010|2012|2013|2015|2016|2011|2017|1213
금남초	151010|151011|151110|151111|151210|151211|151212|151310|151311|151312|141010|141011

남양주금곡초	1810|1811|1812|1813|1814|1313|1311
남양주도곡초	1610|1611|1612|1613|1614|131610|131613
남양주동곡초	1210|1211|1212|1214|1216|1218|1217|								
남양주미금초	161010|161011|161110|161111|161210|161211|161212|161310|161311|161312|161313|1614|1615|		
남양주백봉초	171010|171011|171110|171111|171210|171211|171212|171310|171311|171312|171313|1714|			
남양주샛별초	141010|141011|141012|141110|141111|141210|141211|141212|1413|161014
남양주송라초	241010|241110|241211|241313|2415|2416|1623
남양주송촌초	1710|1711|1712|1713|1714|1214

남양주신촌초	191010|191011|191110|191111|191210|191211|191212|191310|191311|191312|112212
남양주양정초	1810|1811|1812|1813|1814|1121
남양주양지초	222410|222411|2214|222510|222610|222611|222612|222710|222711|222712|2213|2215|1611|1612|1613|
남양주월문초	1710|1711|1712|1713|121010
다산가람초	1310|1311|1312|1313|1314|										
답내초	1024|2210|2211|1711|1713|	
덕소초	1710|2310|1711|1712|1713|1714|1411|		
도농초	171010|171011|171110|171111|171210|171211|171212|171310|171312|171313|141013|		
도림초	201011|201010|201110|201111|201210|201211|201212|201310|201311|201312|201313|2015|2014|		

도심초	191010|191011|191110|191111|191210|191211|191212|191310|191311|191312|1914|1711|1713|	
도제원초	1910|1911|1917|1912|1913|1915|1813|1814|	
동구초	1018|181910|181911|182010|182011|182012|182110|182111|182112|161013
동인초	2310|231210|231211|231410|231411|2315|231610|231611|231710|231711|231712|2318|2319|1713
마석초	1610|1611|1612|1613|1210
백문초	221010|221011|221410|221411|221510|221511|221610|2218|2219|131010|131011|131012|
별내초	2015|2011|2012|2013|2016|2017|2018|2019|2014|151010|151011|151012|151013
별가람초	1311

부양초	171010|171011|171110|171111|171210|171211|171212|171310|171311|171312|131113
부평초	221010|221011|221110|221111|221210|221213|221211|221212|221310|221311|221312|221313|221314|221315|221316|221317|151513
사능초	171010|171011|171110|171111|171210|171211|171212|171311|171312|171313|171314|1715|141011|141013
산마루초	1410|1411|1412|1413|1414|1210
수동초	101910|231910|101911|101912|2310|2311|232110|2312|171010|171011|171012
수택초	161010|161011|161012|161110|161111|161210|161211|161212|161310|1614|131011
양오초	251610|251611|251710|251711|251810|251811|251812|251911|251913|251914|2514|2520|132912
어람초	1019|2210|2211|2212|2213										
예봉초	231510|231511|231512|231010|231011|231110|231111|231112|231210|231211|231212|2313|2314|281212		
오남초	2510|2511|2511|251110|251111|2512|251210|251211|251212|2513|251310|251311|2514|2011
와부초	2410|241110|241111|241210|241211|241212|241310|241311|241312|43|					
인창초	1310|1311|1811|1812
장내초	161010|161011|161110|161111|161210|161211|161212|161311|161313|1614|161510|161511|161512|131012
장승초	311010|311110|311111|311210|311211|311212|311311|311313|311310|3114|1512
장현초	181010|181011|181110|181111|181210|181211|181212|181310|1815|1814|131513|131512|131511
조안초	251010|251011|1019|251110|251111|251210|251211|251212|2513|2515|2514|101613
주곡초	1018|211910|211911|212010|212011|212012|212111|212113|2114|2113|					
진건초	101710|101711|101712|1128|1610
진접초	27|3211|3214|3212|3219|3213|3215|3216|3218|3217|					
차산초	211010|211011|211012|211110|211111|211210|211211|211311|2115|1511|1512|1513|1511|1512|1513						
창현초	2010|2011|2014|2012|2013|1510
천마초	221010|221011|221110|221111|221210|221211|221212|221310|221311|221312|2215|2214|2113
토평초	191010|191011|191110|191111|191210|191211|191313|1512
퇴계원초	2010|2011|2013|2014|2015|2016|141013
판곡초	1710|1714|1712|1713|151413
평내초	221911|221910|222011|222010|222310|222311|222312|2211|1516|1516|222410|222411|222412|2216|1114
평동초	191010|191011|191110|191111|191210|191211|191212|191310|191311|191312|191313|1914|141012
풍양초	1910|1911|1912|1913|1914|1915|1916|1917|1312|1313
한별초	1910|1911|1912|1913|151010|151011|151012
호평초	1016|1615|1616|1617|1619|1618|13
화도초	1910|1911|1912|191210|191211|1913|1510|151013|151010
화봉초	2510|2511|2512|2517|2518|2519|2513|2514|2515|2516|161012
화접초	1118|1711|1712|1713|1714|112110

가운중	251010|251011|251012|251110|251111|251210|251211|251212|251213|2513|2515|141610|141611
갈매중	1411|1412|1413|1414|1416|1415|20
광릉중	201010|201011|201012|2012|2011|2013|2015|2014|121510|121913
교문중	1810|1811|1812|1813|1814|1815|1817|1818|1819|1713
구리여자중	171010|171011|171210|171211|1717|171310|171311|171312|171410|171411|171412|1719|1715|1716|151112|151113
구리중	3510|3511|3512|3513|3515|111611|111613
금곡중	231010|231011|231012|231110|231210|231212|26
덕소중	171010|171011|1711|1712|171310|171311|171312|171410|171411|171412|171413|1716|1717|101711|101713
도농중	171010|171011|1716|171711|171710|1712|1713|1714|1715|1416|1415|1717|1812|1813|1814
동구중	251010|251011|251110|251111|251210|251211|251212|251510|251511|251512|2516|2213|2214
마석중	1810|181110|181111|181112|1812|1813|1814|161111
미금중	1712|171210|171211|171212|171213|171214|171215|171216|1710|1711|141013
별가람중	1510|131510|2210|1511|131511|1512|1513|1514|1113
별내중	1610|1616|1611|1612|1613|1617|1618|1615|2413
송라중	1710|1711|1712|1713|131010|131012
양오중	151010|151011|151110|151111|151210|151211|151212|151310|151311|151312|1517|1412|1413
어람중	161010|161011|161012|1611|1612|1613|1615|131012
와부중	161010|161011|161012|161110|161111|161210|161211|161212|161310|161311|161312|1614|131111|131113
인창중	221010|221011|221110|221111|221210|221211|221212|2213|2214|231313|231312
장내중	1019|181110|181111|181210|181211|181212|181310|181311|181312|1814|1816|1815|1817|121012|121014
장자중	1810|1811|1812|1813|1814|171110|171111
주곡중	231010|231110|231210|231310|2314|28|151812|151813
진건중	101810|101811|101812|101815|101813|101814|182011|182012|182110|182111|182112|1815|1813|161213
천마중	151010|151011|151110|151111|151210|151211|151212|1513|1514|1515|1314
퇴계원중	221310|221312|221311|221010|221110|221111|221112|221211|221213|2215|221610|111312|111314
평내중	181010|181011|181110|181111|181210|181211|181310|181311|181312|1815|1814|142210|142212|142213|142214
풍양중	2310|2311|2312|2313|2314|141411|141412|182010
한별중	1610|1611|1612|1613|1614|1615|1616|151111
호평중	191010|191011|191012|1911|1912|1913|1914|1811|1812
수동중	162313|162311|162315|162410|162412|162415|162414|162413|162411|161712
연세중	151012|151013|151110|151111|151112|151113|151114|131012|131013

가운고	2010|2011|2012|2013|2015|161910|161911|161913|141010|141012
구리고	1610|1611|1612|1613|1615|1614|1511|1513	
오남고	251010|251011|251110|2515|251210|251213|251211|251310|251311|251312|2516|112015|112012				
덕소고	111514|161110|161111|161210|161211|161212|161310|161311|161312|161313|					
서울삼육중	181110|181112|181210|181211|181212|181310|181311|181312|181410|181411|181412|181413|1815|1817